
1	4.040500e-10	8.043391e+15	4.125335e-03	4.040237e-10
2	4.293759e-10	0.000000e+00	0.000000e+00	4.040237e-10
3	4.562893e-10	0.000000e+00	0.000000e+00	4.040237e-10
4	4.848896e-10	0.000000e+00	0.000000e+00	4.040237e-10
5	5.152827e-10	0.000000e+00	0.000000e+00	4.040237e-10
6	5.475807e-10	0.000000e+00	0.000000e+00	4.040237e-10
7	5.819032e-10	0.000000e+00	0.000000e+00	4.040237e-10
8	6.183771e-10	0.000000e+00	0.000000e+00	4.040237e-10
9	6.571371e-10	0.000000e+00	0.000000e+00	4.040237e-10
10	6.983266e-10	0.000000e+00	0.000000e+00	4.040237e-10
11	7.420979e-10	0.000000e+00	0.000000e+00	4.040237e-10
12	7.886128e-10	0.000000e+00	0.000000e+00	4.040237e-10
13	8.380433e-10	0.000000e+00	0.000000e+00	4.040237e-10
14	8.905720e-10	0.000000e+00	0.000000e+00	4.040237e-10
15	9.463933e-10	0.000000e+00	0.000000e+00	4.040237e-10
16	1.005714e-09	0.000000e+00	0.000000e+00	4.040237e-10
17	1.068752e-09	0.000000e+00	0.000000e+00	4.040237e-10
18	1.135742e-09	0.000000e+00	0.000000e+00	4.040237e-10
19	1.206930e-09	0.000000e+00	0.000000e+00	4.040237e-10
20	1.282581e-09	0.000000e+00	0.000000e+00	4.040237e-10
21	1.362973e-09	0.000000e+00	0.000000e+00	4.040237e-10
22	1.448405e-09	0.000000e+00	0.000000e+00	4.040237e-10
23	1.539191e-09	0.000000e+00	0.000000e+00	4.040237e-10
24	1.635668e-09	0.000000e+00	0.000000e+00	4.040237e-10
25	1.738192e-09	0.000000e+00	0.000000e+00	4.040237e-10
26	1.847143e-09	0.000000e+00	0.000000e+00	4.040237e-10
27	1.962922e-09	0.000000e+00	0.000000e+00	4.040237e-10
28	2.085958e-09	0.000000e+00	0.000000e+00	4.040237e-10
29	2.216707e-09	0.000000e+00	0.000000e+00	4.040237e-10
30	2.355651e-09	0.000000e+00	0.000000e+00	4.040237e-10
31	2.503303e-09	0.000000e+00	0.000000e+00	4.040237e-10
32	2.660211e-09	0.000000e+00	0.000000e+00	4.040237e-10
33	2.826954e-09	0.000000e+00	0.000000e+00	4.040237e-10
34	3.004148e-09	0.000000e+00	0.000000e+00	4.040237e-10
35	3.192449e-09	0.000000e+00	0.000000e+00	4.040237e-10
36	3.392552e-09	0.000000e+00	0.000000e+00	4.040237e-10
37	3.605198e-09	0.000000e+00	0.000000e+00	4.040237e-10
38	3.831173e-09	0.000000e+00	0.000000e+00	4.040237e-10
39	4.071312e-09	0.000000e+00	0.000000e+00	4.040237e-10
40	4.326503e-09	0.000000e+00	0.000000e+00	4.040237e-10
41	4.597689e-09	0.000000e+00	0.000000e+00	4.040237e-10
42	4.885874e-09	0.000000e+00	0.000000e+00	4.040237e-10
43	5.192122e-09	0.000000e+00	0.000000e+00	4.040237e-10
44	5.517565e-09	0.000000e+00	0.000000e+00	4.040237e-10
45	5.863408e-09	0.000000e+00	0.000000e+00	4.040237e-10
46	6.230927e-09	0.000000e+00	0.000000e+00	4.040237e-10
47	6.621484e-09	0.000000e+00	0.000000e+00	4.040237e-10
48	7.036520e-09	0.000000e+00	0.000000e+00	4.040237e-10
49	7.477571e-09	0.000000e+00	0.000000e+00	4.040237e-10
50	7.946267e-09	0.000000e+00	0.000000e+00	4.040237e-10
51	8.444341e-09	0.000000e+00	0.000000e+00	4.040237e-10
52	8.973635e-09	0.000000e+00	0.000000e+00	4.040237e-10
53	9.536104e-09	0.000000e+00	0.000000e+00	4.040237e-10
54	1.013383e-08	0.000000e+00	0.000000e+00	4.040237e-10
55	1.076902e-08	0.000000e+00	0.000000e+00	4.040237e-10
56	1.144403e-08	0.000000e+00	0.000000e+00	4.040237e-10
57	1.216134e-08	0.000000e+00	0.000000e+00	4.040237e-10
58	1.292362e-08	0.000000e+00	0.000000e+00	4.040237e-10
59	1.373367e-08	0.000000e+00	0.000000e+00	4.040237e-10
60	1.459450e-08	0.000000e+00	0.000000e+00	4.040237e-10
61	1.550929e-08	0.000000e+00	0.000000e+00	4.040237e-10
62	1.648142e-08	0.000000e+00	0.000000e+00	4.040237e-10
63	1.751448e-08	0.000000e+00	0.000000e+00	4.040237e-10
64	1.861229e-08	0.000000e+00	0.000000e+00	4.040237e-10
65	1.977891e-08	0.000000e+00	0.000000e+00	4.040237e-10
66	2.101866e-08	0.000000e+00	0.000000e+00	4.040237e-10
67	2.233611e-08	0.000000e+00	0.000000e+00	4.040237e-10
68	2.373615e-08	0.000000e+00	0.000000e+00	4.040237e-10
69	2.522393e-08	0.000000e+00	0.000000e+00	4.040237e-10
70	2.680498e-08	0.000000e+00	0.000000e+00	4.040237e-10
71	2.848512e-08	0.000000e+00	0.000000e+00	4.040237e-10
72	3.027057e-08	0.000000e+00	0.000000e+00	4.040237e-10
73	3.216794e-08	0.000000e+00	0.000000e+00	4.040237e-10
74	3.418424e-08	0.000000e+00	0.000000e+00	4.040237e-10
75	3.632691e-08	0.000000e+00	0.000000e+00	4.040237e-10
76	3.860389e-08	0.000000e+00	0.000000e+00	4.040237e-10
77	4.102360e-08	0.000000e+00	0.000000e+00	4.040237e-10
78	4.359497e-08	0.000000e+00	0.000000e+00	4.040237e-10
79	4.632751e-08	0.000000e+00	0.000000e+00	4.040237e-10
80	4.923133e-08	0.000000e+00	0.000000e+00	4.040237e-10
81	5.231716e-08	0.000000e+00	0.000000e+00	4.040237e-10
82	5.559642e-08	0.000000e+00	0.000000e+00	4.040237e-10
83	5.908121e-08	0.000000e+00	0.000000e+00	4.040237e-10
84	6.278444e-08	0.000000e+00	0.000000e+00	4.040237e-10
85	6.671978e-08	0.000000e+00	0.000000e+00	4.040237e-10
86	7.090180e-08	0.000000e+00	0.000000e+00	4.040237e-10
87	7.534594e-08	0.000000e+00	0.000000e+00	4.040237e-10
88	8.006864e-08	0.000000e+00	0.000000e+00	4.040237e-10
89	8.508737e-08	0.000000e+00	0.000000e+00	4.040237e-10
90	9.042067e-08	0.000000e+00	0.000000e+00	4.040237e-10
91	9.608826e-08	0.000000e+00	0.000000e+00	4.040237e-10
92	1.021111e-07	0.000000e+00	0.000000e+00	4.040237e-10
93	1.085114e-07	0.000000e+00	0.000000e+00	4.040237e-10
94	1.153130e-07	0.000000e+00	0.000000e+00	4.040237e-10
95	1.225408e-07	0.000000e+00	0.000000e+00	4.040237e-10
96	1.302217e-07	0.000000e+00	0.000000e+00	4.040237e-10
97	1.383840e-07	0.000000e+00	0.000000e+00	4.040237e-10
98	1.470580e-07	0.000000e+00	0.000000e+00	4.040237e-10
99	1.562756e-07	0.000000e+00	0.000000e+00	4.040237e-10
100	1.660710e-07	0.000000e+00	0.000000e+00	4.040237e-10
101	1.764804e-07	0.000000e+00	0.000000e+00	4.040237e-10
102	1.875422e-07	0.000000e+00	0.000000e+00	4.040237e-10